Binomial distribution:
Selection:
 7.00000	 9.00000	10.00000	 7.00000	 8.00000	 6.00000	 9.00000	 5.00000	 6.00000	 5.00000
 6.00000	 7.00000	 6.00000	 6.00000	 6.00000	 8.00000	 6.00000	 7.00000	11.00000	10.00000
 7.00000	 7.00000	13.00000	10.00000	 7.00000	 6.00000	 9.00000	 5.00000	 9.00000	 6.00000
 7.00000	 6.00000	 7.00000	 8.00000	 6.00000	 9.00000	 3.00000	 6.00000	13.00000	 7.00000
 7.00000	 6.00000	 7.00000	 8.00000	13.00000	 8.00000	 5.00000	 7.00000	 9.00000	 7.00000
 8.00000	10.00000	 8.00000	 9.00000	 9.00000	 8.00000	 7.00000	 7.00000	 5.00000	11.00000
 4.00000	 9.00000	 8.00000	10.00000	 9.00000	 7.00000	12.00000	10.00000	 7.00000	 9.00000
 7.00000	 7.00000	 9.00000	10.00000	 5.00000	 6.00000	 5.00000	 5.00000	 6.00000	11.00000
 12.00000	 7.00000	 8.00000	 6.00000	 9.00000	10.00000	12.00000	 9.00000	 6.00000	10.00000
 8.00000	10.00000	10.00000	 8.00000	 7.00000	 8.00000	 8.00000	 4.00000	 7.00000	 5.00000
 8.00000	12.00000	 8.00000	 7.00000	11.00000	 6.00000	 6.00000	 7.00000	 7.00000	 8.00000
 9.00000	 4.00000	 7.00000	 8.00000	 7.00000	 7.00000	10.00000	10.00000	 7.00000	 9.00000
 8.00000	 3.00000	 8.00000	 8.00000	 5.00000	 6.00000	10.00000	 6.00000	 9.00000	 7.00000
 9.00000	14.00000	12.00000	 8.00000	 9.00000	11.00000	 9.00000	 8.00000	12.00000	 5.00000
 7.00000	 9.00000	 7.00000	 5.00000	 8.00000	 8.00000	 5.00000	 8.00000	 7.00000	 7.00000
 4.00000	 7.00000	 6.00000	 7.00000	 7.00000	 7.00000	 4.00000	 4.00000	 7.00000	 6.00000
 7.00000	 6.00000	 8.00000	 3.00000	 6.00000	 5.00000	 5.00000	 7.00000	 7.00000	 4.00000
 7.00000	 7.00000	 4.00000	 6.00000	 7.00000	10.00000	12.00000	 9.00000	 9.00000	10.00000
 6.00000	 9.00000	 7.00000	 5.00000	 9.00000	 9.00000	 9.00000	 8.00000	 7.00000	10.00000
 10.00000	11.00000	 6.00000	 8.00000	 6.00000	 2.00000	 7.00000	10.00000	 5.00000	 7.00000	
Ordered the sample:
 2.00000	 3.00000	 3.00000	 3.00000	 4.00000	 4.00000	 4.00000	 4.00000	 4.00000	 4.00000
 4.00000	 4.00000	 5.00000	 5.00000	 5.00000	 5.00000	 5.00000	 5.00000	 5.00000	 5.00000
 5.00000	 5.00000	 5.00000	 5.00000	 5.00000	 5.00000	 5.00000	 5.00000	 5.00000	 6.00000
 6.00000	 6.00000	 6.00000	 6.00000	 6.00000	 6.00000	 6.00000	 6.00000	 6.00000	 6.00000
 6.00000	 6.00000	 6.00000	 6.00000	 6.00000	 6.00000	 6.00000	 6.00000	 6.00000	 6.00000
 6.00000	 6.00000	 6.00000	 6.00000	 6.00000	 6.00000	 6.00000	 6.00000	 7.00000	 7.00000
 7.00000	 7.00000	 7.00000	 7.00000	 7.00000	 7.00000	 7.00000	 7.00000	 7.00000	 7.00000
 7.00000	 7.00000	 7.00000	 7.00000	 7.00000	 7.00000	 7.00000	 7.00000	 7.00000	 7.00000
 7.00000	 7.00000	 7.00000	 7.00000	 7.00000	 7.00000	 7.00000	 7.00000	 7.00000	 7.00000
 7.00000	 7.00000	 7.00000	 7.00000	 7.00000	 7.00000	 7.00000	 7.00000	 7.00000	 7.00000
 7.00000	 7.00000	 7.00000	 7.00000	 7.00000	 7.00000	 7.00000	 7.00000	 8.00000	 8.00000
 8.00000	 8.00000	 8.00000	 8.00000	 8.00000	 8.00000	 8.00000	 8.00000	 8.00000	 8.00000
 8.00000	 8.00000	 8.00000	 8.00000	 8.00000	 8.00000	 8.00000	 8.00000	 8.00000	 8.00000
 8.00000	 8.00000	 8.00000	 8.00000	 8.00000	 8.00000	 8.00000	 9.00000	 9.00000	 9.00000
 9.00000	 9.00000	 9.00000	 9.00000	 9.00000	 9.00000	 9.00000	 9.00000	 9.00000	 9.00000
 9.00000	 9.00000	 9.00000	 9.00000	 9.00000	 9.00000	 9.00000	 9.00000	 9.00000	 9.00000
 9.00000	 9.00000	 9.00000	 9.00000	10.00000	10.00000	10.00000	10.00000	10.00000	10.00000
 10.00000	10.00000	10.00000	10.00000	10.00000	10.00000	10.00000	10.00000	10.00000	10.00000
 10.00000	10.00000	10.00000	11.00000	11.00000	11.00000	11.00000	11.00000	11.00000	12.00000
 12.00000	12.00000	12.00000	12.00000	12.00000	12.00000	13.00000	13.00000	13.00000	14.00000	
Geometric distribution:
Selection:
 1.00000	 0.00000	 0.00000	 4.00000	 0.00000	 2.00000	 0.00000	 1.00000	 1.00000	 0.00000
 4.00000	 1.00000	 7.00000	 4.00000	 8.00000	 0.00000	 6.00000	 0.00000	 0.00000	 0.00000
 0.00000	 0.00000	 0.00000	 1.00000	 3.00000	 1.00000	 1.00000	 1.00000	 2.00000	 2.00000
 2.00000	 5.00000	 0.00000	11.00000	 0.00000	 4.00000	 1.00000	 3.00000	 0.00000	 1.00000
 1.00000	 3.00000	 0.00000	 1.00000	 1.00000	 3.00000	 0.00000	 0.00000	 0.00000	 1.00000
 3.00000	 1.00000	 0.00000	 1.00000	 1.00000	 6.00000	 0.00000	 1.00000	 1.00000	 2.00000
 2.00000	 1.00000	 0.00000	 3.00000	 0.00000	 1.00000	 0.00000	 2.00000	 2.00000	 3.00000
 0.00000	 4.00000	 1.00000	 4.00000	 0.00000	 0.00000	 4.00000	 0.00000	 1.00000	 5.00000
 0.00000	 0.00000	 0.00000	 1.00000	 2.00000	 0.00000	 0.00000	 1.00000	 1.00000	 0.00000
 1.00000	 1.00000	 0.00000	 0.00000	 0.00000	 0.00000	 0.00000	 4.00000	 4.00000	 2.00000
 2.00000	 0.00000	 0.00000	 2.00000	 2.00000	 1.00000	 0.00000	 1.00000	 3.00000	 0.00000
 0.00000	 2.00000	 2.00000	 0.00000	 1.00000	 4.00000	 1.00000	 0.00000	 2.00000	 1.00000
 0.00000	 0.00000	 3.00000	 1.00000	 0.00000	 3.00000	 3.00000	 1.00000	 1.00000	 0.00000
 4.00000	 3.00000	 5.00000	 0.00000	 0.00000	 0.00000	 2.00000	 0.00000	 2.00000	 0.00000
 1.00000	 5.00000	 1.00000	 1.00000	 3.00000	 7.00000	 0.00000	 1.00000	 4.00000	 0.00000
 1.00000	 0.00000	 1.00000	 0.00000	 0.00000	 1.00000	 0.00000	 0.00000	 0.00000	 1.00000
 0.00000	 2.00000	 1.00000	 1.00000	 0.00000	 1.00000	 1.00000	 5.00000	 0.00000	 6.00000
 2.00000	 2.00000	 3.00000	 0.00000	 1.00000	 0.00000	 0.00000	 3.00000	 2.00000	 1.00000
 0.00000	 0.00000	 0.00000	 4.00000	 0.00000	 0.00000	 3.00000	 0.00000	 2.00000	 0.00000
 0.00000	 8.00000	 1.00000	 2.00000	 1.00000	 0.00000	 0.00000	 2.00000	 1.00000	 0.00000	
Ordered the sample:
 0.00000	 0.00000	 0.00000	 0.00000	 0.00000	 0.00000	 0.00000	 0.00000	 0.00000	 0.00000
 0.00000	 0.00000	 0.00000	 0.00000	 0.00000	 0.00000	 0.00000	 0.00000	 0.00000	 0.00000
 0.00000	 0.00000	 0.00000	 0.00000	 0.00000	 0.00000	 0.00000	 0.00000	 0.00000	 0.00000
 0.00000	 0.00000	 0.00000	 0.00000	 0.00000	 0.00000	 0.00000	 0.00000	 0.00000	 0.00000
 0.00000	 0.00000	 0.00000	 0.00000	 0.00000	 0.00000	 0.00000	 0.00000	 0.00000	 0.00000
 0.00000	 0.00000	 0.00000	 0.00000	 0.00000	 0.00000	 0.00000	 0.00000	 0.00000	 0.00000
 0.00000	 0.00000	 0.00000	 0.00000	 0.00000	 0.00000	 0.00000	 0.00000	 0.00000	 0.00000
 0.00000	 0.00000	 0.00000	 0.00000	 0.00000	 0.00000	 0.00000	 0.00000	 0.00000	 0.00000
 1.00000	 1.00000	 1.00000	 1.00000	 1.00000	 1.00000	 1.00000	 1.00000	 1.00000	 1.00000
 1.00000	 1.00000	 1.00000	 1.00000	 1.00000	 1.00000	 1.00000	 1.00000	 1.00000	 1.00000
 1.00000	 1.00000	 1.00000	 1.00000	 1.00000	 1.00000	 1.00000	 1.00000	 1.00000	 1.00000
 1.00000	 1.00000	 1.00000	 1.00000	 1.00000	 1.00000	 1.00000	 1.00000	 1.00000	 1.00000
 1.00000	 1.00000	 1.00000	 1.00000	 1.00000	 1.00000	 1.00000	 1.00000	 1.00000	 1.00000
 1.00000	 1.00000	 1.00000	 2.00000	 2.00000	 2.00000	 2.00000	 2.00000	 2.00000	 2.00000
 2.00000	 2.00000	 2.00000	 2.00000	 2.00000	 2.00000	 2.00000	 2.00000	 2.00000	 2.00000
 2.00000	 2.00000	 2.00000	 2.00000	 2.00000	 2.00000	 2.00000	 2.00000	 3.00000	 3.00000
 3.00000	 3.00000	 3.00000	 3.00000	 3.00000	 3.00000	 3.00000	 3.00000	 3.00000	 3.00000
 3.00000	 3.00000	 3.00000	 3.00000	 4.00000	 4.00000	 4.00000	 4.00000	 4.00000	 4.00000
 4.00000	 4.00000	 4.00000	 4.00000	 4.00000	 4.00000	 4.00000	 5.00000	 5.00000	 5.00000
 5.00000	 5.00000	 6.00000	 6.00000	 6.00000	 7.00000	 7.00000	 8.00000	 8.00000	11.00000	
Poisson distribution:
Selection:
 3.00000	 3.00000	 1.00000	 0.00000	 0.00000	 2.00000	 2.00000	 4.00000	 5.00000	 3.00000
 2.00000	 1.00000	 1.00000	 0.00000	 3.00000	 3.00000	 1.00000	 2.00000	 3.00000	 4.00000
 5.00000	 2.00000	 1.00000	 1.00000	 2.00000	 1.00000	 2.00000	 1.00000	 0.00000	 5.00000
 0.00000	 1.00000	 0.00000	 4.00000	 1.00000	 1.00000	 0.00000	 1.00000	 1.00000	 2.00000
 1.00000	 2.00000	 1.00000	 2.00000	 2.00000	 4.00000	 0.00000	 1.00000	 2.00000	 2.00000
 1.00000	 3.00000	 3.00000	 1.00000	 0.00000	 0.00000	 2.00000	 2.00000	 2.00000	 1.00000
 2.00000	 4.00000	 0.00000	 1.00000	 3.00000	 1.00000	 2.00000	 1.00000	 3.00000	 2.00000
 3.00000	 2.00000	 2.00000	 2.00000	 1.00000	 2.00000	 1.00000	 2.00000	 2.00000	 0.00000
 3.00000	 4.00000	 3.00000	 4.00000	 0.00000	 0.00000	 4.00000	 3.00000	 1.00000	 0.00000
 4.00000	 1.00000	 2.00000	 1.00000	 4.00000	 3.00000	 0.00000	 4.00000	 2.00000	 3.00000
 3.00000	 2.00000	 0.00000	 2.00000	 0.00000	 3.00000	 4.00000	 2.00000	 1.00000	 4.00000
 1.00000	 1.00000	 1.00000	 0.00000	 3.00000	 2.00000	 2.00000	 2.00000	 3.00000	 0.00000
 1.00000	 2.00000	 3.00000	 3.00000	 0.00000	 2.00000	 3.00000	 1.00000	 3.00000	 2.00000
 1.00000	 2.00000	 1.00000	 0.00000	 3.00000	 3.00000	 0.00000	 1.00000	 2.00000	 1.00000
 1.00000	 2.00000	 2.00000	 0.00000	 6.00000	 1.00000	 0.00000	 1.00000	 4.00000	 0.00000
 4.00000	 1.00000	 2.00000	 1.00000	 1.00000	 1.00000	 0.00000	 2.00000	 1.00000	 0.00000
 1.00000	 3.00000	 4.00000	 3.00000	 1.00000	 4.00000	 1.00000	 4.00000	 1.00000	 2.00000
 1.00000	 0.00000	 4.00000	 0.00000	 1.00000	 2.00000	 3.00000	 2.00000	 2.00000	 2.00000
 2.00000	 1.00000	 1.00000	 2.00000	 1.00000	 1.00000	 2.00000	 4.00000	 0.00000	 5.00000
 2.00000	 2.00000	 1.00000	 2.00000	 2.00000	 0.00000	 1.00000	 1.00000	 1.00000	 3.00000	
Ordered the sample:
 0.00000	 0.00000	 0.00000	 0.00000	 0.00000	 0.00000	 0.00000	 0.00000	 0.00000	 0.00000
 0.00000	 0.00000	 0.00000	 0.00000	 0.00000	 0.00000	 0.00000	 0.00000	 0.00000	 0.00000
 0.00000	 0.00000	 0.00000	 0.00000	 0.00000	 0.00000	 0.00000	 0.00000	 0.00000	 0.00000
 0.00000	 0.00000	 1.00000	 1.00000	 1.00000	 1.00000	 1.00000	 1.00000	 1.00000	 1.00000
 1.00000	 1.00000	 1.00000	 1.00000	 1.00000	 1.00000	 1.00000	 1.00000	 1.00000	 1.00000
 1.00000	 1.00000	 1.00000	 1.00000	 1.00000	 1.00000	 1.00000	 1.00000	 1.00000	 1.00000
 1.00000	 1.00000	 1.00000	 1.00000	 1.00000	 1.00000	 1.00000	 1.00000	 1.00000	 1.00000
 1.00000	 1.00000	 1.00000	 1.00000	 1.00000	 1.00000	 1.00000	 1.00000	 1.00000	 1.00000
 1.00000	 1.00000	 1.00000	 1.00000	 1.00000	 1.00000	 1.00000	 1.00000	 1.00000	 1.00000
 1.00000	 2.00000	 2.00000	 2.00000	 2.00000	 2.00000	 2.00000	 2.00000	 2.00000	 2.00000
 2.00000	 2.00000	 2.00000	 2.00000	 2.00000	 2.00000	 2.00000	 2.00000	 2.00000	 2.00000
 2.00000	 2.00000	 2.00000	 2.00000	 2.00000	 2.00000	 2.00000	 2.00000	 2.00000	 2.00000
 2.00000	 2.00000	 2.00000	 2.00000	 2.00000	 2.00000	 2.00000	 2.00000	 2.00000	 2.00000
 2.00000	 2.00000	 2.00000	 2.00000	 2.00000	 2.00000	 2.00000	 2.00000	 2.00000	 2.00000
 2.00000	 2.00000	 2.00000	 2.00000	 2.00000	 3.00000	 3.00000	 3.00000	 3.00000	 3.00000
 3.00000	 3.00000	 3.00000	 3.00000	 3.00000	 3.00000	 3.00000	 3.00000	 3.00000	 3.00000
 3.00000	 3.00000	 3.00000	 3.00000	 3.00000	 3.00000	 3.00000	 3.00000	 3.00000	 3.00000
 3.00000	 3.00000	 3.00000	 3.00000	 3.00000	 4.00000	 4.00000	 4.00000	 4.00000	 4.00000
 4.00000	 4.00000	 4.00000	 4.00000	 4.00000	 4.00000	 4.00000	 4.00000	 4.00000	 4.00000
 4.00000	 4.00000	 4.00000	 4.00000	 4.00000	 5.00000	 5.00000	 5.00000	 5.00000	 6.00000	
Binomial distribution:
A series of distribution:
 0.00000	 1.00000	 2.00000	 3.00000	 4.00000	 5.00000	 6.00000	 7.00000	 8.00000	 9.00000	10.00000	11.00000	12.00000	13.00000	14.00000	
 0.00000	 0.00000	 1.00000	 3.00000	 8.00000	17.00000	29.00000	50.00000	29.00000	27.00000	19.00000	 6.00000	 7.00000	 3.00000	 1.00000	
 0.00000	 0.00000	 0.00500	 0.01500	 0.04000	 0.08500	 0.14500	 0.25000	 0.14500	 0.13500	 0.09500	 0.03000	 0.03500	 0.01500	 0.00500	
 0.00000	 0.00000	 0.00500	 0.02000	 0.06000	 0.14500	 0.29000	 0.54000	 0.68500	 0.82000	 0.91500	 0.94500	 0.98000	 0.99500	 1.00000	
Table for comparing relative frequencies and theoretical probabilities:
 0.00000	 1.00000	 2.00000	 3.00000	 4.00000	 5.00000	 6.00000	 7.00000	 8.00000	 9.00000	10.00000	11.00000	12.00000	13.00000	14.00000	
 0.00000	 0.00000	 0.00500	 0.01500	 0.04000	 0.08500	 0.14500	 0.25000	 0.14500	 0.13500	 0.09500	 0.03000	 0.03500	 0.01500	 0.00500	
 0.00062	 0.00603	 0.02722	 0.07565	 0.14457	 0.20093	 0.20945	 0.16634	 0.10114	 0.04686	 0.01628	 0.00411	 0.00071	 0.00008	 0.00000	
 0.00062	 0.00603	 0.02222	 0.06065	 0.10457	 0.11593	 0.06445	 0.08366	 0.04386	 0.08814	 0.07872	 0.02589	 0.03429	 0.01492	 0.00500	
Table of comparison of calculated characteristics with theoretical values:
7.6
7.79
4.53
4.5961
2.1284
2.1439
7
8
7
8
0.32982
0.083961
0.17547
-0.098214
 7.60000	 7.79000	 0.19000	 2.43902	
 4.53000	 4.59610	 0.06610	 1.43818	
 2.12838	 2.14385	 0.01547	 0.72169	
 7.00000	 8.00000	 1.00000	12.50000	
 7.00000	 8.00000	 1.00000	12.50000	
 0.32982	 0.08396	 0.24586	292.82765	
 0.17547	-0.09821	 0.27369	278.66627	
Geometrical distribution:
A series of distribution:
 0.00000	 1.00000	 2.00000	 3.00000	 4.00000	 5.00000	 6.00000	 7.00000	 8.00000	 9.00000	10.00000	11.00000	
80.00000	53.00000	25.00000	16.00000	13.00000	 5.00000	 3.00000	 2.00000	 2.00000	 0.00000	 0.00000	 1.00000	
 0.40000	 0.26500	 0.12500	 0.08000	 0.06500	 0.02500	 0.01500	 0.01000	 0.01000	 0.00000	 0.00000	 0.00500	
 0.40000	 0.66500	 0.79000	 0.87000	 0.93500	 0.96000	 0.97500	 0.98500	 0.99500	 0.99500	 0.99500	 1.00000	
Table for comparing relative frequencies and theoretical probabilities:
 0.00000	 1.00000	 2.00000	 3.00000	 4.00000	 5.00000	 6.00000	 7.00000	 8.00000	 9.00000	10.00000	11.00000	
 0.40000	 0.26500	 0.12500	 0.08000	 0.06500	 0.02500	 0.01500	 0.01000	 0.01000	 0.00000	 0.00000	 0.00500	
 0.41000	 0.24190	 0.14272	 0.08421	 0.04968	 0.02931	 0.01729	 0.01020	 0.00602	 0.00355	 0.00210	 0.00124	
 0.01000	 0.02310	 0.01772	 0.00421	 0.01532	 0.00431	 0.00229	 0.00020	 0.00398	 0.00355	 0.00210	 0.00376	
Table of comparison of calculated characteristics with theoretical values:
1.435
1.439
3.3658
3.5098
1.8346
1.8735
0
0
1
1
1.8965
2.07
4.5546
6.2849
 1.43500	 1.43902	 0.00402	 0.27966	
 3.36577	 3.50982	 0.14404	 4.10394	
 1.83460	 1.87345	 0.03885	 2.07346	
 0.00000	 0.00000	 0.00000	 0.00000	
 1.00000	 1.00000	 0.00000	 0.00000	
 1.89645	 2.07000	 0.17355	 8.38403	
 4.55460	 6.28492	 1.73031	27.53123	
Puasson distribution:
A series of distribution:
 0.00000	 1.00000	 2.00000	 3.00000	 4.00000	 5.00000	 6.00000	
32.00000	59.00000	54.00000	30.00000	20.00000	 4.00000	 1.00000	
 0.16000	 0.29500	 0.27000	 0.15000	 0.10000	 0.02000	 0.00500	
 0.16000	 0.45500	 0.72500	 0.87500	 0.97500	 0.99500	 1.00000	
Table for comparing relative frequencies and theoretical probabilities:
 0.00000	 1.00000	 2.00000	 3.00000	 4.00000	 5.00000	 6.00000	
 0.16000	 0.29500	 0.27000	 0.15000	 0.10000	 0.02000	 0.00500	
 0.15882	 0.29222	 0.26885	 0.16489	 0.07585	 0.02791	 0.00856	
 0.00118	 0.00278	 0.00115	 0.01489	 0.02415	 0.00791	 0.00356	
Table of comparison of calculated characteristics with theoretical values:
1.815
1.84
1.7108
1.84
1.308
1.3565
1
1
2
2
0.53217
0.73721
-0.25507
0.54348
 1.81500	 1.84000	 0.02500	 1.35870	
 1.71077	 1.84000	 0.12923	 7.02310	
 1.30797	 1.35647	 0.04850	 3.57547	
 1.00000	 1.00000	 0.00000	 0.00000	
 2.00000	 2.00000	 0.00000	 0.00000	
 0.53217	 0.73721	 0.20504	27.81239	
-0.25507	 0.54348	 0.79855	146.93321	
