0.149044 0.402298 0.26239 0.27645 0.211551 0.322444 0.493094 0.334018 0.321116 0.0874904 
0.351008 0.194783 0.221696 0.662557 0.114513 0.245686 0.208707 0.0908854 0.1634 0.952948 
0.221942 0.906663 1.11413 0.538418 0.366833 0.651058 0.0425188 0.0808034 0.191457 0.13581 
0.335572 0.00408849 0.552867 1.44375 0.0887541 0.225069 0.0219072 0.240865 0.21237 0.234648 
0.145018 0.77233 0.429882 0.00950201 0.324352 0.18396 0.589297 0.0625992 0.547443 0.597335 
0.479728 0.744693 0.881087 0.408762 0.278275 0.331975 0.420852 1.58999 0.154097 0.251392 
0.152107 0.196607 0.0337899 0.110963 0.732852 0.000817262 0.436817 0.0471098 0.0597006 0.13375 
0.0460789 0.0423604 0.180168 0.864821 0.238752 0.0340108 0.573911 0.0874601 0.478214 0.703986 
0.51955 1.16667 1.68759 0.719903 0.712991 0.581519 0.00742693 0.269356 0.476574 0.122322 
0.00215239 0.897102 0.157303 0.710296 0.103065 0.250324 0.0841784 0.610289 0.0646036 0.711938 
0.454791 0.0773611 0.134532 0.170109 0.877941 0.120532 0.0487726 0.840485 0.393857 0.0937701 
0.585374 0.107165 0.211821 0.0913897 0.110066 0.504158 0.242575 0.718518 0.0875518 0.00165227 
0.727477 0.488459 0.0685644 0.1355 0.0867212 0.113555 0.0882922 0.341518 0.0409744 0.283273 
0.175127 0.212656 0.34646 0.257368 0.0953071 0.202214 0.208315 0.333591 1.51758 0.33286 
0.176994 0.150471 0.234544 0.264567 0.431173 1.13793 0.29548 0.329896 0.384653 0.928751 
0.349353 0.131142 1.12244 0.106302 0.27912 0.040744 0.71804 0.40904 0.121463 0.228485 
0.240595 0.205691 0.300852 0.577493 0.122452 0.41151 0.364716 1.31225 0.0485519 0.211146 
1.58478 0.459979 0.293561 0.269132 0.266123 0.987733 0.04526 0.438784 0.212545 0.559935 
0.348879 0.397646 0.729767 0.107355 0.265587 0.150315 0.0719101 1.18092 0.622802 0.336226 
0.466747 1.18056 0.313089 0.503191 0.198218 0.521812 0.0389569 1.57781 0.0620681 0.207491 
