5.77026 2.30631 5.39285 3.98814 5.45836 3.78549 2.12605 2.72753 4.43419 4.34367 
2.12436 6.25497 4.17527 4.25236 3.14731 4.1491 3.08229 3.08172 5.72971 3.92829 
6.41509 1.59897 5.19854 5.88226 4.13506 6.70564 4.80303 6.57025 2.74637 3.69241 
6.15767 2.58445 0.518129 2.46569 8.67388 5.29018 3.27252 4.7344 4.71885 3.11708 
6.1774 6.07878 2.95995 2.99392 5.27428 4.86229 3.97618 6.65794 4.97238 3.62902 
2.48466 5.02733 6.62416 5.24853 6.23234 4.68022 2.51498 5.71706 5.90743 4.37416 
3.38909 3.65666 5.92572 5.89667 2.48011 3.25428 5.10382 4.48488 3.41367 7.2491 
1.15374 4.43081 4.68914 5.16795 4.19168 4.05873 4.46599 2.67534 3.94572 3.36767 
5.09434 4.50936 3.77334 3.92721 4.9016 4.06717 4.85206 7.29208 2.67758 4.14606 
4.46133 4.76861 3.64096 3.05311 5.29112 3.92529 6.23427 1.47957 6.04109 0.559693 
3.61946 6.25394 8.15711 5.18327 2.79332 4.11034 5.99499 5.11266 4.24533 5.01628 
3.34461 4.40315 4.74086 2.67514 4.40189 4.71551 4.15369 1.96844 2.84055 3.81508 
2.15001 5.14222 5.66258 3.93344 4.51027 3.13242 2.47874 5.59956 5.95934 3.84303 
5.56524 4.84366 4.24164 5.81094 5.46364 3.28459 4.00043 4.30098 4.84876 4.86521 
3.24083 4.74778 2.66087 3.78317 3.76475 5.12001 2.61022 4.20465 3.67594 2.67388 
3.73222 5.66211 5.08292 5.94891 5.80356 5.27812 3.95939 5.06276 3.14705 4.9079 
5.4766 5.19754 5.45702 4.80628 5.51565 2.64482 3.08405 6.28634 4.75317 2.36348 
4.14648 3.26253 5.79792 2.53296 4.39439 0.396819 4.57452 5.64372 1.75227 3.97289 
4.73553 3.92232 4.91515 5.01231 4.98655 3.38785 4.09538 2.64374 2.91415 5.20901 
4.093 3.03684 4.6394 4.09155 5.30098 4.68233 1.96834 3.65283 3.24009 3.49842 
