Выборка для 3-го распределения
3.97304 5.58689 7.4202 6.88156 4.47132 4.26966 2.23538 7.31181 7.19445 7.48457 
3.33338 4.542 7.32065 6.49314 3.68583 6.00556 4.64148 4.89318 4.16979 7.57159 
2.55878 2.52195 2.68089 5.47167 3.6161 3.24018 5.181 3.834 6.95896 4.91442 
7.02615 6.21199 5.73729 2.92692 6.28324 2.44671 2.65174 2.1832 3.33137 6.06923 
5.57114 3.92908 3.18519 4.36803 7.32659 4.91343 6.20214 4.62971 4.32586 5.48733 
3.22964 7.5109 5.30804 5.44785 4.16559 6.27878 4.20628 3.57795 6.762 4.84568 
7.34709 3.01046 7.66677 5.39416 2.99295 3.67214 3.46815 6.96791 7.9527 5.11472 
6.69863 7.6715 6.1695 3.86846 6.88912 7.65945 4.09369 2.92759 4.02112 2.97724 
7.77586 2.12754 6.00634 2.94715 8.06262 6.09479 3.63495 5.10045 2.14826 3.42776 
4.56139 4.9396 7.21483 3.00974 3.49765 6.81149 4.11302 4.9557 5.6999 7.79753 
3.31331 6.63364 2.33237 3.06393 6.37169 7.3468 4.76678 4.49928 2.77536 3.14992 
4.74423 6.36223 6.5035 3.65246 3.35224 5.5756 4.28789 4.82161 2.82611 3.37788 
8.08593 2.16779 5.56141 6.96401 5.51516 2.4451 5.15977 2.11201 7.00903 7.79597 
6.10501 3.08325 3.32096 4.77619 2.20395 2.37143 2.65041 3.92733 5.26637 3.51987 
4.84782 6.24664 4.82514 5.36333 3.37015 2.83376 3.60556 6.73144 7.5054 4.14486 
7.73543 6.8416 5.10557 4.92351 3.02444 6.78203 5.07032 5.06116 2.13918 6.94151 
3.39861 4.96947 4.11348 7.47182 6.98677 6.51666 3.99462 5.98043 6.4002 6.6067 
2.83153 7.6286 6.06448 3.45158 3.03808 6.75956 5.17358 4.38477 3.25295 8.07613 
3.53829 5.51202 2.50052 5.60714 4.2669 5.80519 7.87036 5.97822 2.72909 6.48208 
2.91561 7.86114 5.40761 6.53595 6.3588 4.23868 4.15129 7.03099 7.75933 7.8986 


Отсортированная выборка
2.11201 2.12754 2.13918 2.14826 2.16779 2.1832 2.20395 2.23538 2.33237 2.37143 
2.4451 2.44671 2.50052 2.52195 2.55878 2.65041 2.65174 2.68089 2.72909 2.77536 
2.82611 2.83153 2.83376 2.91561 2.92692 2.92759 2.94715 2.97724 2.99295 3.00974 
3.01046 3.02444 3.03808 3.06393 3.08325 3.14992 3.18519 3.22964 3.24018 3.25295 
3.31331 3.32096 3.33137 3.33338 3.35224 3.37015 3.37788 3.39861 3.42776 3.45158 
3.46815 3.49765 3.51987 3.53829 3.57795 3.60556 3.6161 3.63495 3.65246 3.67214 
3.68583 3.834 3.86846 3.92733 3.92908 3.97304 3.99462 4.02112 4.09369 4.11302 
4.11348 4.14486 4.15129 4.16559 4.16979 4.20628 4.23868 4.2669 4.26966 4.28789 
4.32586 4.36803 4.38477 4.47132 4.49928 4.542 4.56139 4.62971 4.64148 4.74423 
4.76678 4.77619 4.82161 4.82514 4.84568 4.84782 4.89318 4.91343 4.91442 4.92351 
4.9396 4.9557 4.96947 5.06116 5.07032 5.10045 5.10557 5.11472 5.15977 5.17358 
5.181 5.26637 5.30804 5.36333 5.39416 5.40761 5.44785 5.47167 5.48733 5.51202 
5.51516 5.56141 5.57114 5.5756 5.58689 5.60714 5.6999 5.73729 5.80519 5.97822 
5.98043 6.00556 6.00634 6.06448 6.06923 6.09479 6.10501 6.1695 6.20214 6.21199 
6.24664 6.27878 6.28324 6.3588 6.36223 6.37169 6.4002 6.48208 6.49314 6.5035 
6.51666 6.53595 6.6067 6.63364 6.69863 6.73144 6.75956 6.762 6.78203 6.81149 
6.8416 6.88156 6.88912 6.94151 6.95896 6.96401 6.96791 6.98677 7.00903 7.02615 
7.03099 7.19445 7.21483 7.31181 7.32065 7.32659 7.3468 7.34709 7.4202 7.47182 
7.48457 7.5054 7.5109 7.57159 7.6286 7.65945 7.66677 7.6715 7.73543 7.75933 
7.77586 7.79597 7.79753 7.86114 7.87036 7.8986 7.9527 8.06262 8.07613 8.08593 


Интервальный ряд
2.11201 23 0.115 
2.85875 32 0.16 
3.60549 26 0.13 
4.35223 24 0.12 
5.09897 24 0.12 
5.84571 23 0.115 
6.59245 24 0.12 
7.33919 24 0.12 


Ассоциированный статистический ряд
2.48538 23 0.115 
3.23212 32 0.16 
3.97886 26 0.13 
4.7256 24 0.12 
5.47234 24 0.12 
6.21908 23 0.115 
6.96582 24 0.12 
7.71256 24 0.12 


Таблица сравнения относительных и теоретических вероятностей
2.11201 0.115 0.125 
2.85875 0.16 0.125 
3.60549 0.13 0.125 
4.35223 0.12 0.125 
5.09897 0.12 0.125 
5.84571 0.115 0.125 
6.59245 0.12 0.125 
7.33919 0.12 0.125 


Выборочное среднее = 5.02056
Выборочная дисперсия с поправкой Шеппарда = 2.86931
Выборочное среднее квадратичное отклонение = 1.69391
Выборочная мода = 3.97886
Выборочная медиана = 0
Выборочный коэффициент асимметрии = 0.0209236
Выборочный коэффициент эксцесса = -2.78159


