3.97304 5.58689 7.4202 6.88156 4.47132 4.26966 2.23538 7.31181 7.19445 7.48457 
3.33338 4.542 7.32065 6.49314 3.68583 6.00556 4.64148 4.89318 4.16979 7.57159 
2.55878 2.52195 2.68089 5.47167 3.6161 3.24018 5.181 3.834 6.95896 4.91442 
7.02615 6.21199 5.73729 2.92692 6.28324 2.44671 2.65174 2.1832 3.33137 6.06923 
5.57114 3.92908 3.18519 4.36803 7.32659 4.91343 6.20214 4.62971 4.32586 5.48733 
3.22964 7.5109 5.30804 5.44785 4.16559 6.27878 4.20628 3.57795 6.762 4.84568 
7.34709 3.01046 7.66677 5.39416 2.99295 3.67214 3.46815 6.96791 7.9527 5.11472 
6.69863 7.6715 6.1695 3.86846 6.88912 7.65945 4.09369 2.92759 4.02112 2.97724 
7.77586 2.12754 6.00634 2.94715 8.06262 6.09479 3.63495 5.10045 2.14826 3.42776 
4.56139 4.9396 7.21483 3.00974 3.49765 6.81149 4.11302 4.9557 5.6999 7.79753 
3.31331 6.63364 2.33237 3.06393 6.37169 7.3468 4.76678 4.49928 2.77536 3.14992 
4.74423 6.36223 6.5035 3.65246 3.35224 5.5756 4.28789 4.82161 2.82611 3.37788 
8.08593 2.16779 5.56141 6.96401 5.51516 2.4451 5.15977 2.11201 7.00903 7.79597 
6.10501 3.08325 3.32096 4.77619 2.20395 2.37143 2.65041 3.92733 5.26637 3.51987 
4.84782 6.24664 4.82514 5.36333 3.37015 2.83376 3.60556 6.73144 7.5054 4.14486 
7.73543 6.8416 5.10557 4.92351 3.02444 6.78203 5.07032 5.06116 2.13918 6.94151 
3.39861 4.96947 4.11348 7.47182 6.98677 6.51666 3.99462 5.98043 6.4002 6.6067 
2.83153 7.6286 6.06448 3.45158 3.03808 6.75956 5.17358 4.38477 3.25295 8.07613 
3.53829 5.51202 2.50052 5.60714 4.2669 5.80519 7.87036 5.97822 2.72909 6.48208 
2.91561 7.86114 5.40761 6.53595 6.3588 4.23868 4.15129 7.03099 7.75933 7.8986 
