Задание 1

Выборка
 0.27682  1.25188  0.20188  3.48170 -0.23998  0.41044  0.85916  2.52734  1.28799  1.05355 
 1.08099 -0.19532  0.34911  2.66714  0.79667  1.61308 -0.27700  2.40382  0.64123  1.59796 
 3.77403  2.49589  0.16234  1.63932  1.59863  0.10645  3.16633  3.53649  1.93280  2.67242 
 1.53588  1.11437  0.76766  2.08776  1.68582  1.07453  1.28447  1.47585  0.61139 -0.18265 
 1.88111 -0.39310  3.01967  2.03525  2.66024  1.65439  1.47179  0.82108  3.26414  1.63573 
 0.55714  1.37165  0.93446  1.08369  3.49182 -0.20587  1.67100 -0.36475  2.08606  3.45280 
 1.59685  2.10575  2.56335  0.10319  1.00541  0.77176  0.45893  2.31118  1.50201  0.71677 
 1.67116  1.93246  0.81230  2.67248  1.65497  0.54312  0.58172  1.45591  1.95554  1.31209 
 0.26153 -1.28033  2.31087  3.56690  0.39607  1.22987  2.12035  0.43466 -0.81547 -1.56303 
 1.45410  1.69605  2.88916  2.14980  1.98137  0.78240  1.48965  2.45441 -0.48589  1.40902 
 0.88806  0.53198  1.45363  0.66379  1.72512  1.01676  3.46766  2.65882  1.89263  1.99911 
 0.99332  1.91371  1.92072 -0.96269  1.74592  0.98989  2.23512  2.66757  2.42363  1.22860 
 1.30607  1.26953  2.94725  2.72254  0.80542 -0.68000  2.54790  0.87187  0.88808  1.07164 
 0.45476  3.28667  0.66293  0.38934  0.45709  1.30363  2.02014  2.43556  1.36680  1.09690 
 1.19538  0.24853  2.58259 -0.32869  0.33742  2.70038  0.84636  1.39278  1.07495  1.95710 
 1.70708  1.29373  0.94429  1.59115  0.78169  2.32746  2.63231  1.44142  1.29937  1.90566 
 2.44850  1.57070  0.15773  1.68594 -0.32335  1.25210 -0.42635 -0.83424  0.71754  3.53281 
 1.90291  1.39243  3.37929  0.67481  1.67180  1.54016 -0.37029  2.79584  1.19739  1.09778 
 2.73743  1.47707  2.32229  0.72150  1.45914  1.10229  1.36441  1.29626 -0.35407 -1.11127 
 2.43731 -0.02200 -0.88214  1.96051  2.66499  0.20145  0.68067  3.64380  0.36211  0.36635 

Отсортированная выборка
-1.56303 -1.28033 -1.11127 -0.96269 -0.88214 -0.83424 -0.81547 -0.68000 -0.48589 -0.42635 
-0.39310 -0.37029 -0.36475 -0.35407 -0.32869 -0.32335 -0.27700 -0.23998 -0.20587 -0.19532 
-0.18265 -0.02200  0.10319  0.10645  0.15773  0.16234  0.20145  0.20188  0.24853  0.26153 
 0.27682  0.33742  0.34911  0.36211  0.36635  0.38934  0.39607  0.41044  0.43466  0.45476 
 0.45709  0.45893  0.53198  0.54312  0.55714  0.58172  0.61139  0.64123  0.66293  0.66379 
 0.67481  0.68067  0.71677  0.71754  0.72150  0.76766  0.77176  0.78169  0.78240  0.79667 
 0.80542  0.81230  0.82108  0.84636  0.85916  0.87187  0.88806  0.88808  0.93446  0.94429 
 0.98989  0.99332  1.00541  1.01676  1.05355  1.07164  1.07453  1.07495  1.08099  1.08369 
 1.09690  1.09778  1.10229  1.11437  1.19538  1.19739  1.22860  1.22987  1.25188  1.25210 
 1.26953  1.28447  1.28799  1.29373  1.29626  1.29937  1.30363  1.30607  1.31209  1.36441 
 1.36680  1.37165  1.39243  1.39278  1.40902  1.44142  1.45363  1.45410  1.45591  1.45914 
 1.47179  1.47585  1.47707  1.48965  1.50201  1.53588  1.54016  1.57070  1.59115  1.59685 
 1.59796  1.59863  1.61308  1.63573  1.63932  1.65439  1.65497  1.67100  1.67116  1.67180 
 1.68582  1.68594  1.69605  1.70708  1.72512  1.74592  1.88111  1.89263  1.90291  1.90566 
 1.91371  1.92072  1.93246  1.93280  1.95554  1.95710  1.96051  1.98137  1.99911  2.02014 
 2.03525  2.08606  2.08776  2.10575  2.12035  2.14980  2.23512  2.31087  2.31118  2.32229 
 2.32746  2.40382  2.42363  2.43556  2.43731  2.44850  2.45441  2.49589  2.52734  2.54790 
 2.56335  2.58259  2.63231  2.65882  2.66024  2.66499  2.66714  2.66757  2.67242  2.67248 
 2.70038  2.72254  2.73743  2.79584  2.88916  2.94725  3.01967  3.16633  3.26414  3.28667 
 3.37929  3.45280  3.46766  3.48170  3.49182  3.53281  3.53649  3.56690  3.64380  3.77403 

Интервальный ряд
-1.56303 -1.22946  4.00000  0.02000 
-0.89590 -0.56233 14.00000  0.07000 
-0.22876  0.10480 21.00000  0.10500 
 0.43837  0.77193 44.00000  0.22000 
 1.10550  1.43907 53.00000  0.26500 
 1.77263  2.10620 29.00000  0.14500 
 2.43976  2.77333 22.00000  0.11000 
 3.10690  3.44046 13.00000  0.06500 

Мат. ожидание =  1.33233; среднее квадратичное =  1.08623.

Таблица 1.1
 0.00000 -1.56303 -2.66550  0.01053  0.00384  0.00000 
 1.00000 -0.89590 -2.05133  0.04481  0.02012  0.02012 
 2.00000 -0.22876 -1.43716  0.13080  0.07534  0.05522 
 3.00000  0.43837 -0.82299  0.26183  0.20526  0.12992 
 4.00000  1.10550 -0.20882  0.35944  0.41730  0.21204 
 5.00000  1.77263  0.40535  0.33839  0.65739  0.24010 
 6.00000  2.43976  1.01952  0.21847  0.84602  0.18863 
 7.00000  3.10690  1.63370  0.09673  0.94884  0.10282 
 8.00000  3.77403  2.24787  0.02937  0.98771  0.05116 

Таблица 1.2
 1.00000 -1.56303  0.02000  0.02012  0.00012  0.00014 
 2.00000 -0.89590  0.07000  0.05522  0.01478  0.79134 
 3.00000 -0.22876  0.10500  0.12992  0.02492  0.95604 
 4.00000  0.43837  0.22000  0.21204  0.00796  0.05979 
 5.00000  1.10550  0.26500  0.24010  0.02490  0.51663 
 6.00000  1.77263  0.14500  0.18863  0.04363  2.01848 
 7.00000  2.43976  0.11000  0.10282  0.00718  0.10040 
 8.00000  3.10690  0.06500  0.05116  0.01384  0.74865 
 0.00000  0.00000  1.00000  1.00000  0.04363  5.19147 

 5.19147 <= 11.10000. Гипотеза верна


Задание 2

Выборка
 6.71520  4.69436  5.43610  2.70117  2.59462  5.35451  2.53247  5.80762  5.04774  5.14672 
 2.48133  4.49931  3.43476  2.62578  7.08143  5.17831  6.85765  1.83916  4.69398  3.59740 
 2.54656  1.82545  4.59257  1.79683  2.86797  6.25777  3.70702  5.33383  4.80387  2.17634 
 4.35265  5.47434  6.31441  6.01887  3.12987  6.69765  2.38921  5.74444  3.53082  2.93796 
 1.77885  2.61190  5.40603  5.57019  5.82831  2.14378  4.74037  3.34695  4.36069  6.21867 
 5.18344  6.38807  6.03048  2.44936  4.41599  4.18384  6.45460  2.31993  5.18225  4.30362 
 1.92702  2.81716  5.48568  6.75446  1.88782  2.73168  7.13430  3.74320  2.88730  3.58342 
 3.94765  2.86678  4.31253  6.77503  3.23739  2.47917  4.63118  2.01256  7.05519  3.32087 
 4.78535  2.01909  5.05621  4.28212  6.10349  6.26139  5.13241  4.62465  6.19939  3.15050 
 4.97835  6.58846  5.76432  2.34244  3.93836  4.31944  2.66283  2.68691  4.94416  2.90394 
 3.67230  5.45668  2.73313  6.11764  5.52758  2.86187  2.22067  4.44580  5.52105  1.91914 
 4.24243  3.27205  6.93612  3.28107  5.75173  6.34309  4.90928  7.11664  2.00781  5.56624 
 2.59057  6.92807  3.52396  7.09423  4.26106  6.88870  3.92967  3.83619  5.96201  3.20477 
 1.93869  2.97883  6.15420  4.86916  2.09593  4.85712  5.14440  5.25596  5.96568  4.23201 
 4.16619  4.42549  3.54351  4.03734  3.78316  4.42231  1.77139  2.89238  3.77139  6.70770 
 3.53223  3.07976  2.98072  3.92184  2.59684  3.48557  7.11837  3.13673  5.14855  2.05182 
 2.80620  4.56800  2.93099  6.84329  6.02697  4.94319  2.13503  6.00840  5.40997  4.32154 
 4.10009  6.78443  6.21894  6.70267  2.08724  5.46964  6.03621  3.95586  3.72171  3.13003 
 2.52399  6.81915  4.50887  4.22413  5.59584  4.80015  2.01078  3.44264  4.96409  3.17842 
 2.90982  5.34344  4.06494  2.69415  3.39647  5.78025  5.05227  4.26263  6.67589  2.35567 

Отсортированная выборка
 1.77139  1.77885  1.79683  1.82545  1.83916  1.88782  1.91914  1.92702  1.93869  2.00781 
 2.01078  2.01256  2.01909  2.05182  2.08724  2.09593  2.13503  2.14378  2.17634  2.22067 
 2.31993  2.34244  2.35567  2.38921  2.44936  2.47917  2.48133  2.52399  2.53247  2.54656 
 2.59057  2.59462  2.59684  2.61190  2.62578  2.66283  2.68691  2.69415  2.70117  2.73168 
 2.73313  2.80620  2.81716  2.86187  2.86678  2.86797  2.88730  2.89238  2.90394  2.90982 
 2.93099  2.93796  2.97883  2.98072  3.07976  3.12987  3.13003  3.13673  3.15050  3.17842 
 3.20477  3.23739  3.27205  3.28107  3.32087  3.34695  3.39647  3.43476  3.44264  3.48557 
 3.52396  3.53082  3.53223  3.54351  3.58342  3.59740  3.67230  3.70702  3.72171  3.74320 
 3.77139  3.78316  3.83619  3.92184  3.92967  3.93836  3.94765  3.95586  4.03734  4.06494 
 4.10009  4.16619  4.18384  4.22413  4.23201  4.24243  4.26106  4.26263  4.28212  4.30362 
 4.31253  4.31944  4.32154  4.35265  4.36069  4.41599  4.42231  4.42549  4.44580  4.49931 
 4.50887  4.56800  4.59257  4.62465  4.63118  4.69398  4.69436  4.74037  4.78535  4.80015 
 4.80387  4.85712  4.86916  4.90928  4.94319  4.94416  4.96409  4.97835  5.04774  5.05227 
 5.05621  5.13241  5.14440  5.14672  5.14855  5.17831  5.18225  5.18344  5.25596  5.33383 
 5.34344  5.35451  5.40603  5.40997  5.43610  5.45668  5.46964  5.47434  5.48568  5.52105 
 5.52758  5.56624  5.57019  5.59584  5.74444  5.75173  5.76432  5.78025  5.80762  5.82831 
 5.96201  5.96568  6.00840  6.01887  6.02697  6.03048  6.03621  6.10349  6.11764  6.15420 
 6.19939  6.21867  6.21894  6.25777  6.26139  6.31441  6.34309  6.38807  6.45460  6.58846 
 6.67589  6.69765  6.70267  6.70770  6.71520  6.75446  6.77503  6.78443  6.81915  6.84329 
 6.85765  6.88870  6.92807  6.93612  7.05519  7.08143  7.09423  7.11664  7.11837  7.13430 

Интервальный ряд
 1.76000  2.09750 24.00000  0.12000 
 2.43500  2.77250 31.00000  0.15500 
 3.11000  3.44750 27.00000  0.13500 
 3.78500  4.12250 27.00000  0.13500 
 4.46000  4.79750 23.00000  0.11500 
 5.13500  5.47250 27.00000  0.13500 
 5.81000  6.14750 20.00000  0.10000 
 6.48500  6.82250 21.00000  0.10500 

a =  1.76000; b =  7.16000.

Таблица 2.1
 1.00000  1.76000  0.12000  0.12500  0.00500  0.04000 
 2.00000  2.43500  0.15500  0.12500  0.03000  1.44000 
 3.00000  3.11000  0.13500  0.12500  0.01000  0.16000 
 4.00000  3.78500  0.13500  0.12500  0.01000  0.16000 
 5.00000  4.46000  0.11500  0.12500  0.01000  0.16000 
 6.00000  5.13500  0.13500  0.12500  0.01000  0.16000 
 7.00000  5.81000  0.10000  0.12500  0.02500  1.00000 
 8.00000  6.48500  0.10500  0.12500  0.02000  0.64000 
 0.00000  0.00000  1.00000  1.00000  0.03000  3.76000 

 3.76000 <= 14.10000. Гипотеза верна


Задание 3


Таблица 3.1
1.76	7.16	200	0.05966	0.84371	5.59584	0.71034	0.77	0.76500
0.84371 <=  1.36000. Гипотеза верна


